5502842
7085059
7604673
9799233
11005064
12406345
14451771
15315127
16087982
18686134
21954770
26405153
26566945
29605869
31611207
33420081
35270710
35644574
37361845
38724095
39432670
40747171
41145556
43181063
43466320
43625358
44751472
46216079
48043133
50752918
51377686
52951234
57950405
58930138
68257210
68585463
70641848
71826659
71930816
74188769
75167562
76865586
77789466
78268026
78303110
78432117
79612877
81422451
81490877
82284231
82585805
83831767
87340563
89079155
89336398
93168785
93253199
94387857
102719622
107755396
111384349
114063043
115423969
115593632
115767791
116562282
119026434
120872750
127920983
128583590
134023546
139632965
140356982
143198671
143954146
144468673
145812254
148319624
148466662
154165936
154796004
156247078
157797870
165489435
171311658
173636688
175140027
176504748
177553559
177691038
179517274
181074472
183029882
183364999
183605098
188684432
193103495
193228335
198843375
202093250
204021505
204607647
205515649
205968973
207526656
211041341
211235537
214283912
215185534
216342508
217736969
218603027
221836777
222262337
222616597
225263086
227312747
227780565
229999678
231000614
231902915
235654836
239193820
239891775
241665258
242271127
244470272
244981748
245750287
254016210
260022672
260121677
260808390
261397807
262188498
266143702
268368142
268699726
272552308
276310707
277910090
278517006
282579324
284143048
288698749
288921436
290216679
293654286
296682305
300435403
301021691
301701423
304029618
304848199
305609392
311040615
319302784
326093662
326486832
331107713
333009949
333827891
334323105
336456325
336830634
337025059
341275512
342036671
345572146
349235799
349919289
351261396
351444337
353645353
353781146
354399582
357256126
358132251
359041770
372190832
372761223
373131071
375761507
376385789
377468817
377643370
378717585
379092575
379099847
383897831
385065533
385771933
387064664
387098206
387711751
388514647
389611180
390373652
391970995
392487203
393034926
393103739
394000260
396208439
396444693
400858196
401252628
402023562
402713960
405506943
407089944
413131588
415747638
416109925
418087333
422004201
424124478
426210206
429091330
433593492
433798473
433866705
437393675
438972044
439483326
440582665
441254958
442048985
442660972
443467339
443652316
444499412
445201868
447427579
448868099
449369323
451714081
453284967
455912617
458073698
459102548
461329956
466887732
469683953
471385069
473358335
476048893
481744066
486925794
487206743
487896684
487988126
488904832
488988828
490616102
495941271
496883636
497011724
501680900
501909820
506894036
510008218
513365590
517462557
518307097
518713454
520050818
524407109
524676515
524704463
525241676
525385484
526209561
526358440
528947981
530163996
532063462
533266542
535218527
535401547
536570207
537319499
539234032
542366225
545355903
548570460
548818415
548837040
555828761
556629369
557187510
557786102
560084058
561661057
565617362
566223030
567499533
571858031
574165273
574221296
578584955
584096470
587905399
589741526
589880886
593352081
594439410
599547531
600632705
602081793
603867222
606873972
607156795
609329627
611880525
612622382
616063355
619475631
620557892
620830098
622064406
628068165
628444890
630275891
631721320
632818901
639077907
640976696
642649848
647787508
648436880
649238026
652167938
652746661
655191297
659168072
662092849
665581346
666433381
667174200
667841085
670333023
674769328
675644793
676424649
681164306
682087337
682551851
683764124
683957572
684346544
684419507
687968765
690983584
691447040
694834964
697684829
703522124
710426010
713993366
714020428
716226151
718901907
719404282
725729425
727714599
728208383
730088178
734117389
735848248
736361616
736801166
741059514
741767935
745188673
746711135
747703894
751078002
751112710
752913742
754225328
754267216
755848698
760230123
761620853
761877353
762167404
765708765
769345160
770768365
772308031
772649018
776021897
776414729
779660080
779895728
788076662
789914549
790214168
791821251
792077704
795499055
797203014
797877841
799678025
806014059
826453072
826849739
826993507
828242586
828473847
831038451
838636971
840383129
841352927
842571372
851635296
853965787
857772939
861095240
861867415
863775609
864658505
864990154
865521740
866229567
868304716
873325915
874737863
875303991
888034087
888166767
893159980
896049690
900358306
900907690
901433789
904524172
904568288
908955550
911046015
911938005
913614411
916382906
917624474
918708897
919468279
919603196
921498464
926842271
928689556
930338911
931834648
932470945
932694074
933157611
936245044
936607190
936873568
944897159
946354554
947808367
948690284
950995063
953427186
962193513
962890787
966986028
967078422
969769208
971194787
980603589
986644270
986678207
987003742
988792475
989774804
991754234
993707047
993805773
994152518
994315870
995430660
1000132255
1004471052
1010425353
1010968566
1012093694
1014039339
1017404908
1021159087
1022443916
1024185744
1024861024
1026488360
1031312726
1034257006
1034511081
1036396336
1036653226
1042427145
1042439904
1042479303
1042752068
1044981819
1047729048
1049317354
1053742711
1053912079
1055858617
1056278079
1057646084
1059524150
1062838304
1069957363
1074005704
1075866521
1076619306
1078352186
1080297423
1082678642
1086078046
1089035826
1089073955
1090648528
1091348221
1091711131
1094407735
1100884749
1101843556
1109584860
1110203938
1115874302
1116240817
1116387363
1117099396
1117356320
1118257528
1125960751
1127930043
1128786754
1129970029
1133101294
1134871744
1135587569
1137406539
1139415779
1140055059
1141167405
1144027443
1144942709
1146186158
1147412228
1148796577
1151205183
1151246671
1151480740
1152272180
1156604822
1157183034
1158145298
1158400758
1161512463
1162364744
1163345206
1166412544
1170000881
1175243185
1175633534
1179130195
1183295281
1183379675
1184658413
1187076399
1190721018
1192539638
1194065020
1194993019
1196401541
1196816063
1198069500
1198687676
1199998049
1201511440
1201608070
1208386982
1213814093
1215013245
1216142858
1217442154
1218600656
1219699999
1219918940
1224354951
1228425790
1228606692
1231581479
1233055954
1234447901
1234843201
1235276334
1235903249
1235944460
1237935310
1237942705
1242232055
1243733954
1244089459
1247613670
1247942389
1248142910
1250693069
1259491342
1267599929
1268869746
1270286119
1276157119
1278786143
1281470799
1282080632
1283264737
1287880430
1288616534
1290729370
1298596366
1302303832
1302714617
1304443215
1305492490
1306162265
1307770556
1316553550
1319921414
1320734573
1331007801
1335956747
1337402869
1342109996
1343536450
1344261640
1348280566
1350125323
1350888097
1351717340
1352206280
1352754843
1358744725
1364072159
1364816261
1366662551
1370745300
1371355922
1377970270
1380898205
1381206312
1387865134
1388129826
1389579070
1394027301
1399588316
1402265697
1406666839
1408202366
1408368703
1408741455
1409606843
1409775189
1411005970
1415385249
1416664302
1418078073
1418247868
1421621543
1421644804
1422779593
1428184720
1428466001
1429685830
1434465411
1445980447
1448249163
1451006336
1453234658
1453516444
1453730169
1454107857
1456956136
1456969497
1459098121
1465789474
1472974003
1475228048
1476316990
1477417040
1479805866
1483517444
1486951859
1492097001
1492441421
1495201948
1496037660
1500180696
1502150577
1502999987
1504604992
1506781060
1507749788
1508388994
1510750221
1512043186
1514228463
1517117826
1522305500
1524104804
1524167616
1525837399
1530798058
1533385652
1533781113
1534219910
1535901012
1545200531
1546100314
1548722246
1551682257
1555733039
1556203243
1558378857
1559140251
1563867206
1563938834
1564929989
1566146568
1568381512
1570919423
1571711293
1572711735
1572844588
1573788906
1575072106
1575168457
1576615308
1577159576
1578497106
1579059362
1582507350
1584481450
1586312241
1587311483
1587683975
1591784248
1592276211
1592553010
1593901734
1595105481
1598633043
1599448724
1602949155
1605533923
1606949026
1610140884
1614802855
1618615362
1621779650
1624389683
1625334858
1626298198
1628545707
1630196622
1633603813
1637614379
1639759026
1642869153
1645930773
1646756434
1646936166
1651470510
1651754954
1655576373
1657553033
1657681773
1660732035
1661215979
1664641849
1664897192
1668423277
1668453029
1670086600
1672807185
1675254068
1677792985
1681738036
1689348215
1692554023
1693661131
1701852346
1702843351
1704034476
1706248175
1706850716
1708884134
1712142085
1717866434
1719007860
1720253850
1724281839
1726890048
1729582845
1732036623
1732527861
1732615665
1734232185
1735803694
1735832151
1736060455
1736121942
1737497686
1738774781
1739157006
1742264666
1742527767
1743651367
1751807066
1752105672
1753493218
1754488469
1756269653
1756882951
1759100231
1764747739
1764985926
1765847651
1766472578
1770040313
1772260963
1773351807
1774115753
1774814662
1778053295
1780377806
1783745361
1787506498
1789446668
1790936930
1791499809
1792826471
1795834480
1800722867
1801012093
1801114808
1807461258
1808889164
1809007403
1810660872
1815899960
1815994262
1816603102
1819623312
1820484011
1821725969
1821958331
1825340230
1831908796
1835182498
1838636442
1842435321
1844535035
1845176391
1848556771
1849124688
1850785496
1851000456
1854930422
1858995406
1859660830
1860535455
1864038419
1866566192
1866914810
1867539512
1869156488
1872986882
1875224835
1875928573
1879563663
1881894769
1882875261
1889839417
1892823610
1893032585
1894175012
1896569783
1898385733
1899453666
1900505723
1902231747
1905108836
1909787207
1913304092
1914065457
1917016959
1917134878
1917143049
1920131791
1924369369
1924878199
1929014370
1933997714
1935369151
1937903251
1938801130
1938892885
1938933360
1940520203
1942433860
1944090125
1945216547
1945767183
1946083109
1946617282
1947571952
1949234213
1949746509
1955257599
1956560691
1958442064
1961654063
1962003395
1963687983
1970875566
1972411023
1975795346
1978228627
1979318413
1981529686
1987132401
1995067909
1996079524
1997708809
1998357538
1998688124
2002775479
2011150259
2012951250
2016176964
2016246460
2016558923
2017932335
2020381428
2023253538
2023463028
2025668888
2029022590
2029417071
2029955448
2030780176
2036192694
2037435323
2038132172
2042136802
2042268505
2048045785
2050674067
2051523709
2055414898
2056705436
2056956747
2058444255
2059175731
2061431642
2064364994
2065711042
2067447356
2067627405
2077430643
2077901352
2078941892
2078952032
2079783730
2085409807
2094631527
2095366573
2103590615
2107740482
2109024578
2110947148
2111145907
2112405034
2113125889
2113980692
2119085396
2120105931
2124062347
2124373894
2125415747
2130500388
2133463967
2134439536
2136262835
2138693113
