10234400
15084756
16123649
20384911
20533913
20936884
21402756
27346073
28521599
30956036
32432647
35147451
38731074
39908115
42589227
44167442
44202861
46283129
47075753
48265385
51855553
55446740
57830022
60522675
61441732
62223558
62712212
63560142
64962412
67198065
70451397
70760771
72179590
73377756
73799377
77024909
77598709
77852782
82370019
84958147
88488433
89408619
92534596
95113911
99168156
99649602
101054937
101435110
103813613
105736632
108645551
112451336
113958929
118937803
121770842
126713090
127196417
128768522
130472841
131386877
134986944
135981944
136510311
137478137
140986901
142497161
144870403
147376625
149153434
150271487
151819361
153154563
157138130
157585968
159317933
160182385
160765033
160798813
163500274
163572273
165855168
165951386
167015493
168187633
169843234
176792801
177145713
181875989
182485044
183890648
184626647
185023171
185750694
188900153
189518596
189782613
194082497
197888930
200175195
202095905
206422525
206518855
209478816
209877374
211728568
214026122
214764673
215201751
216656925
216738290
225023752
225750317
227006216
228189550
231570416
231956911
232497532
232801320
245948371
247308917
248250494
250867544
252243683
252987052
258072098
258248290
258916742
258983221
259196968
262757743
262842769
263105052
263834202
264191227
266454786
269180353
272878967
279158129
280652209
280852347
284325493
284348714
285236958
285803523
288652343
292260047
296443973
297640298
301755773
304546549
306272541
306936248
308441576
310979387
312544347
314414275
315373750
315661514
316558403
316632952
317165952
320006994
322701018
323797929
328543207
328618941
328816607
329240489
331935238
335450068
336195427
340762497
341249481
344165126
344764689
360440564
362261868
362926186
363990351
370819815
375722257
382924227
387877834
389617137
394091871
394272372
398348704
399467820
399927435
400476054
403283965
409772045
411420650
414244338
414924288
415359714
415433870
416809822
418808616
421758102
422087337
423206588
427845807
431432090
432642064
436284798
436308562
437423014
438039273
439765093
439852491
439918119
440238200
440304538
443801021
445966016
448873579
452368975
453483305
455200292
456943524
457866746
462823870
463950431
464394998
465131984
466116997
470593004
471103594
471562043
472105164
472254925
472427237
474407267
481516682
484186591
486119884
497531707
497757041
499347484
500000397
501575301
505248976
507157298
508693836
509247109
511784526
512013279
514408166
514417299
515001426
516967376
518698469
518934927
520130784
520205386
521242946
522530188
524209519
530220150
530369279
531768663
532007993
533335648
534007948
534054017
535792173
538763517
541157198
544221599
547307133
549598381
551332122
551885512
553105131
554603240
555876252
557654998
559213590
565226001
568679068
569653779
570998809
573445928
573568562
577694836
581915161
582414936
582684678
583858354
587043864
597042329
597919628
598831755
599880836
600382971
604563532
609510552
613841810
614320234
619966690
622231490
622703302
625357836
629213809
630199770
631201063
631417527
639122306
639518919
642646905
653814807
655426991
657450408
657949007
657992043
658832778
661847791
662058880
662107195
663789590
664125205
669299719
671576571
674942478
675258599
677722500
678538923
680235534
680291396
680888746
681023579
685260484
687010982
687011535
698982537
699482427
700343651
705977683
709266739
709397768
709635699
711182241
711766561
712584975
713808928
715243068
717847827
718033425
718172652
718292016
719916917
720403104
722259911
722359049
722412821
724457096
724915689
730647111
731160796
732870928
733926070
735006845
737049581
740212351
741711326
741973291
742879796
743902922
744334485
751980563
756041327
761685153
766972231
774479588
776576541
776663872
778129119
782150206
783679901
785145425
785417358
786153485
786230511
789524673
791916186
792040328
797897972
797899452
798897226
799248247
799462318
805199912
806329355
807351306
807500978
812327797
817712109
820413925
822238349
825724885
827389187
831816853
836204928
840849396
841434702
841593096
843186066
843597420
846817766
847820737
852186942
853035501
854409412
856229969
857476437
857715331
861522058
862201548
862203263
868475142
872769734
874302616
880542395
881910189
881972846
883775029
884379653
886698381
887224226
890443085
891585432
891893581
892501615
893026481
893642551
895728341
898435661
909177691
913652593
914330064
917148471
917548923
918023022
921070216
923671154
923858590
925967439
927629808
928321066
930634210
932083493
935342580
935386739
935630466
937259865
937291913
938475215
941374275
947493994
948921939
953170474
953352479
953575867
954173259
958370236
961613952
962993988
965472492
967543942
970923580
973588995
973908423
977537274
977970983
979665174
981112414
982693206
983295454
983326174
985857980
987857832
992622030
995610597
996427809
1000619109
1004315504
1004317375
1015954147
1016321173
1017102336
1023305680
1027562513
1027812713
1028095743
1033273918
1033699896
1034123365
1034822418
1035647093
1038194972
1041156196
1042089946
1044614326
1045884853
1053950725
1053987143
1054863152
1058124574
1060578291
1066005603
1069360076
1071399433
1071510284
1072274877
1072521863
1083161147
1085156626
1086584113
1087401054
1088820299
1092524869
1094682129
1098539703
1099240248
1099431286
1101241908
1107343626
1107438268
1115513730
1118987712
1120583535
1125565022
1127307937
1128058200
1129829581
1129972423
1131720504
1133877593
1134522382
1135836974
1140463988
1142054466
1143847449
1144328398
1146121503
1150357335
1150359212
1153047545
1153683984
1155136639
1157783727
1161932881
1165734697
1166258903
1170177414
1171689743
1173620230
1180191454
1185317563
1186221517
1187313836
1187631270
1187677867
1190330845
1192541793
1193367832
1194977980
1196907099
1199330674
1203338152
1209943935
1210827896
1214777842
1215232203
1216339870
1216464151
1216712866
1218369089
1219813436
1220207177
1225087745
1225329950
1231133214
1233451570
1233607396
1233690538
1237535274
1240786895
1242309396
1244417246
1244990675
1249151059
1251197854
1251813558
1252354484
1256083405
1258131212
1261939716
1262104075
1262480970
1265482797
1265489978
1267042106
1267160891
1270855022
1274054846
1274593956
1278920518
1281316097
1290090623
1291319796
1292679984
1295987963
1296299960
1297935163
1298447352
1299510769
1300708867
1302148423
1303047872
1303273382
1309953088
1311686077
1314279365
1316668993
1318338421
1321578375
1325247603
1325848470
1327734360
1328499391
1329731363
1333763591
1336748628
1337702024
1338910414
1342777261
1344185800
1346327831
1346857494
1348576349
1350393431
1353076440
1355880193
1358872939
1360596708
1362822647
1368673483
1370700582
1371818509
1373064530
1373898805
1374050119
1374385667
1380020443
1380945900
1382016843
1383748467
1384745138
1392379896
1397042997
1398368441
1409546646
1412953978
1415299998
1416430282
1417091864
1420267329
1421601442
1425275791
1425534859
1427497004
1431560070
1434865467
1436115180
1439581598
1444166980
1450978065
1453970184
1454831905
1456185981
1456622399
1457889065
1462878105
1464282707
1464783272
1469476023
1471712100
1471769592
1473101793
1473462125
1475376003
1475441417
1477436149
1479021800
1479173942
1479990424
1483685857
1485614873
1486473721
1486796856
1489256201
1490318159
1493197734
1494008977
1494303121
1498730674
1500012058
1501202298
1501908671
1502072375
1504506408
1508342215
1511482201
1513037416
1514408370
1516130443
1516496324
1521677938
1523183511
1524805382
1525054319
1526516985
1527066177
1527813111
1529853188
1529950929
1530913436
1538628355
1544497092
1546126056
1547719287
1550612192
1551228795
1552168265
1553057852
1554100444
1555744853
1559025665
1560270806
1560898161
1567826081
1570804416
1571963070
1574225314
1575640784
1576038859
1578277372
1579007301
1580844019
1582758590
1584442394
1586920797
1589532063
1592650030
1594512498
1594632309
1598651204
1600940046
1602270998
1603713081
1607312947
1611957614
1614212534
1620727946
1621455316
1622066642
1625235682
1625326313
1628635013
1629041720
1633989138
1637500878
1638984772
1647348688
1651132434
1652455500
1654555477
1656167223
1657208831
1658431329
1658834915
1668933243
1669268650
1671538509
1673119636
1673932646
1676740135
1680894839
1681112324
1687278701
1688999960
1690439407
1696230561
1701411692
1705703447
1705905096
1705913126
1706447668
1706655134
1706865726
1709549230
1719396164
1719890227
1720696049
1721491552
1722906897
1722978159
1723507805
1725389543
1726447039
1726523360
1729085794
1729699954
1733307946
1734331966
1740018823
1740057112
1740511474
1744938110
1746332353
1747236300
1748410981
1750220384
1752953792
1754526469
1754655183
1758410968
1767240776
1777382505
1779063799
1779816750
1780257730
1781255609
1782113312
1782335632
1782730478
1785292981
1790295366
1797047579
1798767300
1801061294
1801554290
1803828149
1804876129
1807863563
1811944549
1812677326
1814096697
1814375897
1814646591
1824842899
1825569178
1826742823
1827098837
1828206018
1828736833
1832408002
1835506227
1835740972
1838001548
1840911940
1842438667
1845246061
1847660370
1849311378
1854002106
1855647327
1862542020
1862703793
1864486457
1865217124
1865573694
1867893472
1874914723
1879303413
1882028772
1882081197
1883449249
1884963033
1887132952
1888462301
1891550312
1891889273
1895131715
1895442161
1898211713
1899043640
1901427688
1904433843
1904641949
1905573913
1907651778
1910346527
1913558204
1917079534
1918510615
1920675557
1924754243
1925530373
1930715780
1937068989
1937286350
1939528108
1939828832
1942119411
1947072058
1947689000
1951360635
1955495941
1957542852
1958313700
1960674355
1967639736
1968202091
1968755895
1968977376
1969979629
1972973124
1985763100
1986520809
1988469653
1992157638
1993048971
1993370671
1998596419
1999616627
1999840885
1999854179
2001094638
2006999049
2012793401
2015249274
2017649591
2023340833
2024721914
2025163117
2026536532
2031961251
2032365909
2032463073
2033021150
2035838927
2035916619
2036861760
2039054226
2041831171
2045233435
2045840031
2046153178
2047930869
2049092788
2049192312
2049228065
2050868193
2057501698
2057557706
2058292028
2060742875
2062600419
2062642466
2063984001
2064050333
2066074541
2069312081
2071023600
2073517164
2076939466
2083000055
2083030920
2087492240
2095020989
2095434193
2096567908
2099705499
2101171355
2102566988
2107492964
2107548025
2108771090
2109728285
2110559692
2111621105
2114100475
2115475570
2118697364
2120685702
2123967232
2124876222
2130132979
2130367013
2138429531
2139382255
2143111458
2143591799
2144264789
2144788899
2145947109
2147029286
