3189732
3894040
4312408
4450653
8325871
9156695
13295776
15728407
17277538
19100020
24782331
26861820
27941008
30136728
34483871
41747010
44202662
46787357
46883899
48821017
49597646
52903055
54453174
61200018
63471657
65484106
69698902
71287509
74504432
78029583
79458076
80209053
80444204
82154048
87217678
89078814
89454878
90111430
91908234
92454867
92936429
92999243
93168051
94303997
97009677
97574785
99327835
100805454
101193400
102546000
103096236
103362032
106053078
106104136
107441055
108911559
111096797
113705809
115114313
115391496
115951205
118995575
123667284
125622958
127721205
128351186
134774295
134814116
136016425
142596889
149498255
149576545
150508366
151173999
155527821
157147376
158506766
165565461
167260318
172704040
175166039
176188130
177631141
181754156
185912297
187377929
188374658
188923001
189236985
189753328
191359595
192567074
194479592
197611912
203798006
205511573
206909590
208072761
217691588
220277014
223837820
224329285
227268983
234640570
236403293
237236731
240095869
242165339
244955150
245664591
247020248
258592355
260553933
260905549
262940121
265828990
268952636
269611609
270630384
271629226
272959292
277422457
280245331
281995508
284557739
286470093
287357633
288495002
289157812
291473135
291782986
297114206
297516724
298571393
300047775
301358994
307149859
310115133
312148265
312924241
313988475
314215073
319373030
321107396
327231135
333839431
335136892
337474877
338691752
339690284
342773695
343322192
346380048
346963655
347114370
349968482
351588103
359433832
360893655
361679311
362896582
363193106
364389509
370257083
371673488
373557282
378844760
379812501
383969617
384969264
387702853
387911718
392146109
395955751
396344926
396575880
399969646
405383058
405745980
409980463
413227273
413584334
415444946
416876165
419437521
420515199
424199825
425843952
427329483
427697483
428080389
428398961
430528311
432607800
432680321
442331537
442748773
442981163
445663595
446948824
448623763
448820610
449148731
455508928
460015261
462974243
463675379
464231397
464981837
466977086
468289244
469680645
469980728
470890676
473777476
474474079
480233896
480688827
483719462
489711259
489873923
494297938
495205055
496453607
496784711
499918233
500779218
500797067
502857076
503785889
507471096
509575379
510642369
517373104
522114169
525566989
526070572
527283325
527680876
527972962
536157987
544500067
545091513
547598714
548294427
548732046
551846469
552065656
555567404
556809215
560256368
562376504
562967950
570250320
570259455
570784524
572354346
572485462
572602963
578250369
580876017
585486713
588419316
589373111
596042441
597444761
598906041
599547328
602794772
603061787
607081484
608025460
608869498
624315012
625969250
626284911
630226876
630811016
631294569
632622016
635481089
635754208
636562147
636766211
643806960
644808797
645965941
647223157
652889383
653735699
656221526
656647701
666945662
666962093
669384342
670492057
670985176
671856855
673134404
677544871
679195573
681366967
682827365
683461778
683537939
684577338
687032343
687995984
691085411
693899679
693910685
694974896
695077180
697472482
701397801
707216119
711798666
714040544
714062764
714163996
717347951
717683276
718350840
719035518
722255822
723702768
724707444
725819774
726034871
728271444
730692078
730823229
731364916
732384442
734984968
737024249
739524762
739659930
740135557
742331919
743804959
750464168
763964793
764283352
766705524
767003617
767630870
768348732
768808513
772111001
775857222
776473106
776887133
781861856
785639498
786032986
786323130
787578781
789464043
789759700
790553564
793411867
794329106
810943752
814519685
815988122
816593581
818309392
819908422
820395377
820535675
821694694
821947098
823020953
825234418
826154503
827385032
835092575
837160255
837993033
838081204
839071849
843400598
846825119
851723655
853364376
859043265
863136111
865497306
865965948
867748348
870310179
871181949
876647538
880356720
884597342
887909608
890920906
891492255
895535570
902938532
904738858
910759681
914421537
914630981
914760126
917467935
918437237
919103328
922009862
922604058
924435401
926978260
927798831
933271082
937568351
943917887
946814376
949438842
950076030
951888591
954294947
956421070
958789424
962463741
965606713
965621224
966670938
971552863
975189403
977120118
978913773
981113389
982197014
982334809
982439423
982593967
983440819
987710838
989305754
994772410
995616942
998861576
999956584
1000924275
1001615417
1002754176
1004107637
1006635858
1010560602
1018709893
1019064613
1022837355
1025061797
1025950542
1026539613
1027704726
1028168527
1036404028
1037241938
1040290733
1040519375
1043228080
1044221391
1045824491
1048522533
1049971376
1050632242
1061397558
1064132479
1064850373
1065787667
1066176393
1070296191
1073712419
1076796149
1078151038
1082209254
1084232627
1084562117
1084928276
1088306402
1089591581
1089613920
1090256876
1092260791
1092764131
1094300646
1097651845
1098883360
1102191072
1103332648
1106670704
1107286986
1109819101
1111056452
1112221436
1112410298
1118934466
1120546421
1120553608
1123062484
1123679467
1123699105
1128058364
1129760221
1131036695
1134692833
1134708421
1138326453
1140172702
1143795506
1147841755
1150234697
1153403304
1155362723
1157967392
1164924612
1166347796
1169224673
1171548398
1172826946
1173071781
1173282798
1173499087
1175122624
1175587239
1175651911
1177050347
1179481280
1183717555
1185571286
1189886164
1190735942
1191402638
1194564346
1197859333
1199907465
1203406541
1206869975
1207195699
1210138433
1214134009
1214336353
1220741351
1222250060
1229390931
1232343204
1232605196
1234527605
1235415014
1235864798
1237381853
1238548980
1240138930
1243434790
1244322535
1247541823
1248414231
1250070188
1251270897
1255122445
1259155064
1261335731
1262639819
1262942906
1264695872
1265595334
1267670543
1268597484
1268813446
1268819962
1271706812
1272936775
1273918244
1275183116
1275358081
1281359088
1283045390
1286213307
1286431948
1286499591
1286564517
1286728620
1287251604
1287442226
1288613401
1292783471
1295473995
1295889862
1296592888
1296830100
1297201642
1300393955
1304061328
1305749583
1306471094
1307272782
1310274926
1311193177
1313500465
1313996972
1314255575
1318120906
1318783783
1319649881
1321653621
1324362537
1325038028
1326476583
1329380122
1332361318
1333689472
1334297552
1336263243
1336825830
1337987749
1344904925
1349971265
1350357379
1352821688
1353230776
1354505806
1360827388
1361544158
1361579806
1362555596
1362656136
1363383889
1365650759
1366248337
1366399971
1367290430
1371315380
1374358806
1375629534
1375744012
1377242757
1377936873
1378549718
1380639624
1383334725
1383574194
1386193787
1386813251
1387287323
1389185651
1395687917
1395711507
1398880386
1399302601
1399509263
1402492255
1403606820
1411984385
1412280685
1414821672
1416155501
1425577144
1426307772
1426584674
1427149661
1428302308
1428420837
1431017625
1439767115
1441868455
1445572056
1449884465
1453688707
1453772002
1455193311
1456131556
1457742119
1464090418
1465262012
1467857928
1468942258
1469041378
1471639946
1473335470
1473963925
1475840387
1479339300
1482843901
1484680992
1485371589
1489956510
1491829962
1491977556
1493336488
1494877411
1498150385
1499690622
1500658593
1502987441
1509877890
1513606486
1517310832
1518057139
1518777594
1519658351
1522262727
1523609279
1529221994
1536935889
1541338849
1542465336
1545304741
1545441226
1545639415
1549871340
1558349068
1559433184
1559954657
1565928382
1569598049
1571045171
1572033461
1574223827
1575094457
1577413560
1579257158
1580717000
1585035700
1585406713
1585446040
1585893746
1586912039
1587530694
1596629593
1596843753
1598175253
1598553506
1599933713
1602087973
1602130967
1606094184
1607278718
1609271256
1614682430
1614737199
1616979076
1619881394
1626151802
1627104375
1628022002
1628289875
1628890499
1631256754
1631442997
1631610968
1634567458
1635609556
1641576850
1643000809
1644472108
1647646267
1648298115
1650889100
1651540307
1660645992
1661019049
1662119530
1662813875
1663687079
1666096364
1672253378
1672422610
1673549106
1673941768
1674095656
1675940626
1676406447
1685097353
1686660234
1686741023
1688960058
1690615025
1690735185
1698908930
1700663968
1702077031
1702285841
1708140394
1716568173
1718267169
1722959835
1727181839
1729850860
1729992755
1734442204
1734798739
1735252462
1736015935
1738537261
1739536137
1739792218
1746704901
1748114333
1749510258
1750107869
1750429529
1750960799
1751198345
1752259694
1756640955
1758900522
1759973828
1760670688
1761470775
1767038998
1767670089
1767727321
1767905703
1768623767
1772286460
1774012233
1774052331
1774289307
1778308373
1782400758
1783607056
1784943927
1791928586
1793307701
1795050944
1796854494
1796880741
1800465645
1801619485
1803010924
1808035707
1808301611
1808330616
1810709182
1814360986
1832598878
1834492143
1838843653
1841934843
1845730078
1850428034
1855010851
1860685500
1861017135
1862701791
1862963128
1863150851
1864081998
1864274488
1867271730
1869149683
1869382180
1873737291
1873880189
1882381248
1882607888
1884963344
1886458241
1887257918
1891000033
1892107299
1892756303
1893094490
1896961375
1897712712
1898424941
1901462083
1911938400
1913093691
1913411477
1913956404
1914409633
1914688470
1915307711
1916066575
1917447687
1921080469
1924414197
1924560698
1930247300
1930637087
1935848236
1941241005
1942229282
1942624191
1945506946
1945675413
1946163363
1946405968
1948453741
1950172673
1950283255
1952009757
1953474413
1955571668
1956444108
1961230726
1962302761
1962982501
1968309289
1971898454
1974654957
1974967832
1978217711
1978247215
1979563905
1979990817
1983755977
1984611604
1987531451
1991180354
1991373743
1991982104
1992571444
1995258835
1996383843
1997361459
1997793515
1998207892
2002189688
2002305546
2004411896
2004996563
2005003012
2005082383
2006533763
2006774337
2007086378
2008969912
2009725446
2009864774
2013060020
2018864695
2023021417
2024698563
2027697658
2027911818
2029483843
2029540135
2029691403
2030267924
2034895946
2035525486
2035628170
2040095718
2045778324
2048114869
2049617212
2049641567
2051728491
2054279867
2054890735
2055198294
2058420714
2058568767
2058911032
2059146135
2065174281
2066472735
2066525128
2066582573
2069086316
2070600008
2070819822
2074819827
2080843805
2081414030
2081960914
2082359628
2088669197
2089289906
2090480411
2090651083
2091279279
2092821678
2098362230
2101081629
2103273909
2109437069
2113591484
2113926738
2114254617
2115318673
2116241421
2117429135
2118595105
2118605436
2122042541
2122370720
2127842709
2128799359
2129607211
2132055535
2132594746
2137520190
2138761178
2140104767
2146856395
